%YAML:1.0

cam0:
  T_cam_imu:
    - [0.9999958955314554, -0.0026986387404283703, 0.0009624287980268205, 0.031988892285795864]
    - [0.0026994985594231804, 0.9999959574359712, -0.0008932072788633144, -0.008702065374357535]
    - [-0.0009600144635808081, 0.0008958016878759553, 0.9999991379554113, -0.02015716670564154]
    - [0.0, 0.0, 0.0, 1.0]
  cam_overlaps: []
  camera_model: pinhole
  distortion_coeffs: [0.006810709850531221, -0.00035774484224898915, 0.000163275469486564, -0.0013628846487450934]
  distortion_model: radtan
  intrinsics: [392.276461026783, 392.2076415717271, 320.8482141777144, 241.01828007669283]
  resolution: [640, 480]
  rostopic: /camera/infra1/image_rect_raw
  timeshift_cam_imu: 0.005199107334216512
cam1:
  T_cam_imu:
    - [0.9999740517275426, -0.002762307229153594, 0.006653234579798995, -0.06199981834475254]
    - [0.0027743189584098276, 0.9999945372365269, -0.0017968448518782768, -0.008748107900169019]
    - [-0.006648234797228143, 0.0018152564216879809, 0.9999762526271335, -0.019826904661799198]
    - [0.0, 0.0, 0.0, 1.0]
  T_cn_cnm1:
    - [0.9999838050993602, -6.881026780535209e-05, 0.005690764812071861, -0.09387408167006568]
    - [7.395423767066402e-05, 0.999999588919511, -0.0009037098949213374, -6.662804820914188e-05]
    - [-0.005690700288189607, 0.0009041161156028242, 0.9999833991143423, 0.0005198342931163642]
    - [0.0, 0.0, 0.0, 1.0]
  cam_overlaps: [0]
  camera_model: pinhole
  distortion_coeffs: [0.006089577932177055, 0.0006761464415174285, 0.00034541579726369176, -0.002411714893977257]
  distortion_model: radtan
  intrinsics: [391.94563266141654, 392.194156418658, 318.6227610379495, 241.19594646363703]
  resolution: [640, 480]
  rostopic: /camera/infra2/image_rect_raw
  timeshift_cam_imu: 0.005200396803312446

# cam0:
#   T_cam_imu:
#     - [0.9999654398038452, 0.007342326779113337, -0.003899927610975742, -0.027534314618518095]
#     - [-0.0073452195116216765, 0.9999727585590525, -0.0007279355223411334, -0.0030587146933711722]
#     - [0.0038944766308488753, 0.0007565561891287445, 0.9999921303062861, -0.023605118842939803]
#     - [0.0, 0.0, 0.0, 1.0]
#   cam_overlaps: []
#   camera_model: pinhole
#   distortion_coeffs: [-0.045761895748285604, 0.03423951132164367, -0.00040139057556727315, 0.000431371425853453]
#   distortion_model: radtan
#   intrinsics: [416.85223429743274, 414.92069080087543, 421.02459311003213, 237.76180565241077]
#   resolution: [848, 480]
#   rostopic: /d455/color/image_raw
#   timeshift_cam_imu: 0.002524377913673846


